	entrance_site	vehicle_class	lambda	intercept	alpha	chisquare	pvalue
0	15	2H	151.03829277606445	5.017533399186886	0.018194469063661855	136360.14288631533	0.0
1	15	2L	4796.8838141025635	8.475721780675583	0.04930319943624488	inf			0.0
2	15	3H	113.49330591793829	4.7317438934309575	0.018530631263126346	1211.5056444326642	3.979185163244705e-255
3	15	3L	14.896567229257107	2.701130799109997	0.19060077670059547	6.272419261089491	0.7123740978418873
4	15	4H	76.4823840252044	4.33706044013487	0.05846586984649898	6246.490468418131	0.0
5	15	4L	18.199665035051694	2.901403189245785	0.09480351772272706	5.77797309175351	0.7619176031060999
6	15	5H	407.2153960170264	6.009342275636667	0.022702727634749443	6633241193039049.0	0.0
7	15	6H	20.982271573505354	3.0436779380216388	0.004080572973165697	0.11081600556675973	0.9999999594914645
8	15	7H	16.946877214665676	2.8300835817301153	0.043503491627635844	0.4053365396037123	0.9999877009619826
9	16	2H	25.39004236479335	3.234356944631392	5.169886540307456e-08	0.03900753793386694	0.9999999996200309
10	16	2L	660.716954697724	6.493325540466975	0.028530161277795806	9.504375523935978e+51	0.0
11	16	3H	16.169953310578308	2.783154717376712	3.677672796013601e-07	0.167011491648389	0.9999997492566536
12	16	3L	2.8910660920276308	1.0616252949294545	1.5438628110876214e-05	0.49445625383674197	0.999970990269368
13	16	4H	6.252904227183073	1.8330451405479538	5.621471225695712e-08	0.4147070210057201	0.9999864205747301
14	16	4L	2.619868112656574	0.963123977831887	9.904382502636402e-06	0.35495722251768297	0.9999930913268447
15	16	5H	12.84546391703676	2.5529801026915813	1.8822350417163433e-08	0.14953214073667537	0.9999998464411455
16	16	6H	2.0771520146520146	0.730997731754209	2.5763891451287758e-05	0.8348895549057995	0.9997330719642242
17	16	7H	2.4893617021276593	0.9120263331715905	4.419620715301809e-05	0.23955369474464216	0.9999987659509053
18	17	2H	151.91295397049998	5.023307685026321	0.017055830193787144	61395.30420476236	0.0
19	17	2L	3526.761834319525	8.168135394607841	0.030905909639362877	6.99887779197457e+277	0.0
20	17	3H	70.13594479976733	4.250435221053208	0.022698597205535652	25.43468007190053	0.002526150467772931
21	17	3L	10.979067342709488	2.395990491008131	0.0647101255816808	0.46995317047511803	0.9999766902676852
22	17	4H	71.01705611781767	4.262919934163825	0.023306628186412763	1603.519416855523	0.0
23	17	4L	12.89836929404281	2.557100891985989	0.024895158278159277	0.2427740822255663	0.9999986912407994
24	17	5H	289.3520759368836	5.667644187111786	0.02005075994078022	33095287470.612133	0.0
25	17	6H	16.880784764076914	2.8261758694740142	3.362229614299651e-07	0.09560500708831403	0.9999999790252516
26	17	7H	14.775629071782918	2.6929791391562103	0.015115993627780254	0.13423538024327325	0.9999999049213163
27	18	2H	49.44009311340834	3.9007616922727686	0.005241810164050953	0.36164723039862384	0.9999925061814137
28	18	2L	1691.5397041420115	7.433394460777623	0.03286661774432896	3.050880935111618e+124	0.0
29	18	3H	28.294180221917482	3.3426559383583534	2.7371832839588376e-08	0.053664331364698385	0.9999999984130499
30	18	3L	4.7444855065880915	1.5569812857186796	2.4453658630525405e-07	0.14778153816970913	0.9999998542627473
31	18	4H	12.214152628731249	2.502595554115737	3.223698453114862e-08	0.14144378275322403	0.9999998800415488
32	18	4L	3.9884299268204724	1.3833959386492263	1.0079285675518615e-05	0.31846698595857875	0.9999956962746389
33	18	5H	19.2847837787054	2.9593166412969647	5.09751589180608e-07	0.15159719407915395	0.9999998368024982
34	18	6H	2.6754662004662007	0.9841236417524856	8.823800719774221e-06	0.3893658220423743	0.9999896692492978
35	18	7H	4.69871794871795	1.5472896949267203	0.021536092361306578	0.22492391043228321	0.999999065088485
36	19	2H	67.45070443770275	4.211397060430346	0.010444465342865679	1.287152879188555	0.9984393860312116
37	19	2L	2072.890532544378	7.6366992973483985	0.030059620143155188	2.649531174663428e+156	0.0
38	19	3H	29.680025065019255	3.390474382439402	3.46180709856884e-06	0.16942523572071336	0.9999997327950864
39	19	3L	6.247942337683554	1.8322521835220476	0.0305477485319607	0.3481264907622808	0.9999936521460572
40	19	4H	18.77288894525038	2.9324136588889735	3.127967821685057e-07	0.09020801220712257	0.9999999838156781
41	19	4L	5.415317968633135	1.689230412265316	2.1063125842081466e-07	0.29743955101858993	0.9999968079590635
42	19	5H	28.93413372954276	3.3650221227931603	1.0565863756137145e-06	0.12602032915699177	0.9999999282005232
43	19	6H	6.051472911201417	1.8002946669224134	3.50911066410898e-08	0.4098747414399591	0.9999870928951681
44	19	7H	2.9371565934065935	1.0774419683262098	7.876562415087941e-06	0.59172526887441	0.9999374306382477
45	20	2H	33.74109151146337	3.5187166428599634	1.3603142409989145e-07	0.08743744845039159	0.9999999859193806
46	20	2L	1106.503313609468	7.008960164425021	0.03033616274133893	8.609435894222734e+81	0.0
47	20	3H	15.380227371494636	2.73308280777715	2.95359309558424e-07	0.3483663633230754	0.9999936330614161
48	20	3L	4.2110197880597084	1.4377064458711843	3.5103036839643805e-07	0.3435259342182876	0.9999940097998629
49	20	4H	10.088858880495282	2.311431727677884	1.6878000441678513e-06	0.0998262746732154	0.9999999745676301
50	20	4L	4.102900456080529	1.41169309380176	1.43573654684789e-05	0.1288115194289917	0.9999999208520466
51	20	5H	13.096475673822892	2.5723433526252677	8.805752817300534e-08	0.161542929128094	0.9999997836604411
52	20	6H	5.847658644774029	1.766041254257499	2.109147632266224e-08	0.3049086396908628	0.999996441912104
53	20	7H	3.8943223443223443	1.3595196831891487	3.1713914248537586e-05	0.342873095501345	0.9999940592782651
54	21	2H	34.165765900765905	3.5312241521089454	1.1439116347402012e-06	0.08774766965185705	0.9999999856949877
55	21	2L	1006.1286982248516	6.913865264634077	0.028797209863225218	2.1475455242749847e+75	0.0
56	21	3H	17.83778076812579	2.881318571237089	6.721511696143131e-07	0.12052615469823251	0.9999999411185053
57	21	3L	4.369685235388541	1.4746894889768216	1.385375949253872e-07	0.18979470832234555	0.9999995583160229
58	21	4H	8.817050286843688	2.1766883955592307	2.3985474285550546e-07	0.1821440892753885	0.9999996318229118
59	21	4L	4.096054361879105	1.4100224684493505	7.5107799934122246e-06	0.27557782619423477	0.9999977157597981
60	21	5H	19.558366404762285	2.973402270461394	1.2890868796883555e-08	0.08658463256511709	0.9999999865222271
61	21	6H	3.675344794094794	1.3016468925541218	6.355864658161559e-06	0.6315029014383985	0.9999174902648996
62	21	7H	4.11268315018315	1.4140756500986476	0.03833619675112252	0.431943933458799	0.9999838033798891
63	21B	2H	22.13690060079274	3.0972458121516344	1.2343372331756652e-06	0.18086406737721122	0.9999996431373951
64	21B	2L	694.511094674556	6.543208127462843	0.022971215480560265	3.00193224949789e+37	0.0
65	21B	3H	12.03294970737368	2.4876485924516434	4.6933823900258156e-07	0.21040507958306917	0.9999993034781224
66	21B	3L	2.5930865607098044	0.9528488878299889	9.864678222273128e-06	0.3562053995238174	0.9999929848950542
67	21B	4H	11.22788954144411	2.41840077392906	2.833263831879633e-07	0.11845329455909857	0.9999999454941924
68	21B	4L	2.6285984369280597	0.9664507899912842	8.320099317661283e-06	0.4240050304031931	0.9999850523607658
69	21B	5H	38.58700039472351	3.652915442238899	0.015921709582115674	30.848440344844185	0.00031428351528462064
70	21B	6H	3.721859550705705	1.314224167255187	8.412052081171624e-06	0.29201015694613824	0.999997055404607
71	21B	7H	3.5188415750915754	1.2581318374599972	0.06956817015737818	118.39040607651395	2.8523652789724883e-21
72	22	2H	13.532814196149939	2.6051173509635093	3.523547631311021e-07	0.09808841932134166	0.9999999764834785
73	22	2L	458.82692307692304	6.128673066012561	0.025363865512274014	3.6893451219400296e+28	0.0
74	22	3H	8.721008296134814	2.1657359052511356	3.717095127182866e-08	0.1678834647587969	0.9999997434027946
75	22	3L	2.282076106397373	0.8250856014105148	9.136035782912478e-06	0.5298139886454034	0.9999609799541682
76	22	4H	7.7950505659498885	2.053489249664858	6.175357325094841e-08	0.12132847425694435	0.9999999393538853
77	22	4L	2.750191654866131	1.0116706023039876	8.271158212999995e-06	0.46547395131062735	0.9999776328127699
78	22	5H	23.42232863913356	3.153689837862639	2.2416421982065344e-06	0.058626943915096166	0.9999999976420523
79	22	6H	10.322093664882127	2.334287311989675	2.6044925492035536e-06	0.13171770317184073	0.9999999125969049
80	22	7H	3.68537851037851	1.3043728109083337	1.6974854937420758e-05	0.35355126947671733	0.9999932097321398
81	23	2H	43.662769682936904	3.7764956934460483	2.7130484100950356e-06	0.12121171205770095	0.9999999396132004
82	23	2L	2058.9593195266275	7.629955955934014	0.027109534264680546	3.949763142040539e+156	0.0
83	23	3H	37.31306083019931	3.619343375641186	0.00095978026722528	0.1603909703916528	0.9999997904180065
84	23	3L	4.53754412638221	1.5123847375754558	5.003062677242234e-08	0.29497738525159045	0.9999969220675698
85	23	4H	20.56145197144616	3.0234180637947397	6.991627458648027e-06	0.09801248554024541	0.9999999765645631
86	23	4L	4.986815780323908	1.6067979290223473	8.101493437336234e-09	0.3627582220594347	0.9999924054621541
87	23	5H	52.06938330706924	3.9525771268928858	0.0038659277799272806	1.344238703740652	0.9981457904968705
88	23	6H	11.735778135891257	2.4626413013193553	1.2872194431182069e-06	0.14015362470664244	0.99999988482672
89	23	7H	6.5087072649572635	1.873140194604948	3.9005960840032795e-08	0.25525446243303446	0.9999983683770169
90	24	2H	57.67319734195571	4.054792321289324	0.005636312360562696	0.7794513928499316	0.9997996226443919
91	24	2L	2467.181952662721	7.810831868493507	0.0478956165359955	4.980266310679397e+234	0.0
92	24	3H	35.86206876539988	3.579680156569385	0.006925581606720211	0.11947388528305435	0.9999999433724136
93	24	3L	11.743239360734988	2.463277701444815	0.32182114772912773	59.46642600921647	1.6985822856625476e-09
94	24	4H	34.860345441517616	3.5513499296609434	0.009279902681996511	0.28799816007594864	0.9999972286052098
95	24	4L	10.823946853108753	2.3817609807593105	0.14036644510207053	243.30582383348448	2.5802823556352597e-47
96	24	5H	187.03227086319478	5.231281173425859	0.019946156268442355	1388180688.2750292	0.0
97	24	6H	11.250656270890998	2.4204263600673936	2.0372306702065432e-07	0.11768520807211573	0.9999999470500781
98	24	7H	13.992888148176611	2.6385498402809353	1.3796596179926045e-08	0.08203487226865734	0.9999999894090453
99	B1	2H	45.59907517317414	3.8198872715405567	0.004111103460502189	0.6008927589816035	0.9999331974942156
100	B1	2L	1553.8291420118337	7.348477577613755	0.07134725529380535	1.610299720905882e+177	0.0
101	B1	3H	25.286464674237802	3.230269371871502	0.00011809988585650829	0.07939486569501553	0.9999999908488384
102	B1	3L	9.077034730719387	2.2057475677704037	0.10721472983098744	0.5360572595047582	0.9999589718494921
103	B1	4H	33.341361046685975	3.5067986997253344	2.092747658400567e-06	0.10615537492326112	0.9999999665496203
104	B1	4L	9.98455338300957	2.301039238016691	0.0038580560972700617	0.12943991133158267	0.9999999191203963
105	B1	5H	168.24680247397262	5.125432126099794	0.011426107232826464	71.73756327400648	6.941949893368605e-12
106	B1	6H	23.08669386169386	3.1392564282883053	0.03345908535782228	0.42973996710066314	0.9999841577735781
107	B1	7H	7.870108363858363	2.063071782313146	6.770365271930032e-08	0.2756552851386544	0.9999977129413403
108	B2	2H	8.074610830973954	2.0887246193735094	1.714295678856687e-07	0.215847706217783	0.9999992203832162
109	B2	2L	615.4110409698995	6.4222904038679225	0.06664687355782832	1.982396988742795e+59	0.0
110	B2	3H	5.023115079365079	1.6140502749902528	0.319063090690148	8053245.872109218	0.0
111	B2	3L	2.3058150183150183	0.8354342010811454	1.1350961137168092e-05	0.3697461185608999	0.9999917480818028
112	B2	4H	3.1128434065934063	1.1355365799609454	2.886282790792989e-05	0.2006358901601118	0.999999435386583
113	B2	4L	2.490118215118215	0.9123301844359034	8.588234438243115e-06	0.527554162245571	0.9999616881977746
114	B2	5H	2.76134768009768	1.015718850444807	8.42812735328838e-06	0.45395861040256946	0.9999799235101059
115	B2	6H	1.8387096774193548	0.6090640633492662	9.007436403515661e-05	1.1212202230773438	0.9991035479348972
116	B2	7H	1.1428571428571428	0.1335313926245225	1.48057746896289e-05	1.11380734769968	0.9991273125970181
117	B3	2H	43.07276855390986	3.7628910083509277	0.0002028824984296042	0.10559041337495366	0.9999999673357618
118	B3	2L	1436.7855029585796	7.270163607692534	0.08555224083533199	1.1726395413941642e+176	0.0
119	B3	3H	28.521851692768877	3.3506708048226868	0.001477031656405913	0.09592947053916623	0.999999978705839
120	B3	3L	6.86975002057626	1.9271277184649962	0.0480347672267478	0.4025503482334323	0.9999880633258027
121	B3	4H	30.175492214548356	3.407030062599019	1.578506655053589e-06	0.02799003337263902	0.999999999914286
122	B3	4L	8.935803570251931	2.190065499537361	2.028958480160671e-06	0.17841539300979414	0.9999996640341688
123	B3	5H	235.40554831734596	5.461309764210146	0.016355203615313046	65606886.52180374	0.0
124	B3	6H	18.774684343434345	2.93250950567173	1.357155975884186e-06	0.0692870653563848	0.9999999950210355
125	B3	7H	16.377785409035408	2.795925559756482	1.3736092139517679e-06	0.07228220516924856	0.9999999939839153
